


Total sample:100, Total_Correct:70.39383753501403, Total_Wrong:5.833333333333333, Total_abstain:1
mrtric1:0.99
 mertric2:0.7110488639900407
 metric3:0.6521263050674818avg iter:3.24
 max_iter:14
 min_iter:3